[gd_scene load_steps=3 format=3 uid="uid://dykqmf3tc3cmy"]

[ext_resource type="PackedScene" uid="uid://c5da3lltpjleh" path="res://Prefabs/airplane.tscn" id="1_mhm0c"]
[ext_resource type="Script" path="res://Scripts/AirplaneMovement.gd" id="2_4dw30"]

[node name="GameplayScene" type="Node3D"]
transform = Transform3D(1, 0, 0, 0, 1, 0, 0, 0, 1, 0, 5.91527, 0)

[node name="Camera" type="Camera3D" parent="."]
transform = Transform3D(-1, -5.80263e-08, 6.53888e-08, 0, 0.74796, 0.663743, -8.74228e-08, 0.663743, -0.74796, 3.8147e-06, 38.6384, -15.902)

[node name="Airplane" parent="." instance=ExtResource("1_mhm0c")]
transform = Transform3D(0.99986, 0.00829891, 0.0145618, -0.00835449, 0.999958, 0.00376059, -0.01453, -0.00388171, 0.999887, 0.354466, 0.0915408, 24.3394)
script = ExtResource("2_4dw30")

[node name="DirectionalLight3D" type="DirectionalLight3D" parent="."]
transform = Transform3D(1, 0, 0, 0, 0.504513, 0.863404, 0, -0.863404, 0.504513, 0, 23.2549, 7.91559)
